 75 300

20
 50 425 0
 50 200 0
125 200 0
125  75 0
225  75 0

225  25 0
550  25 0
550 200 0
425 200 0
425 250 0

600 250 0
600 125 0
750 125 0
750 400 0
675 400 0

675 450 0
600 450 0
600 500 0
150 500 0
150 425 0





20
100 375 0
100 250 0
175 250 0
175 125 0
275 125 0

275  75 0
500  75 0
500 150 0
375 150 0
375 300 0

650 300 0
650 175 0
700 175 0
700 350 0
625 350 0

625 400 0
550 400 0
550 450 0
200 450 0
200 375 0





20
 75 400 0
 75 225 0
150 225 0
150 100 0
250 100 0

250  50 0
525  52 0
525 175 0
400 175 0
400 275 0

625 275 0
625 150 0
725 150 0
725 375 0
650 375 0

650 425 0
575 425 0
575 475 0
175 475 0
175 400 0





4
1 128 390 0
  128 400 0
  405
  395
1 320  50 0
  320  38 0
   60
   33
2 580 415 0
  580 440 0
  0.005
2 409 182 0
  409 160 0
  0.0025